9 13
z
x2
s2
s3
x1
x3
s6
s7
s5
z
x1
x2
x3
s1
s2
s3
s4
s5
s6
s7
s8
rhs
1.0 0.0 0.0 0.0 0.0 0.0 0.0 5.551115123125783E-17 0.0 0.0 0.0 0.0 0.0 
0.0 0.0 1.0 0.0 -0.06666666666666665 0.0 0.0 0.0 0.0 0.0 0.0 -0.06666666666666665 1.0 
0.0 0.0 0.0 0.0 0.20000000000000007 1.0 0.0 -2.220446049250313E-16 0.0 0.0 0.0 2.2 33.0 
0.0 0.0 0.0 0.0 0.7999999999999998 0.0 1.0 -1.1999999999999997 0.0 0.0 0.0 2.3999999999999995 15.0 
0.0 1.0 0.0 0.0 0.03333333333333334 0.0 0.0 -0.09999999999999999 0.0 0.0 0.0 0.0 2.0 
0.0 0.0 0.0 1.0 -0.033333333333333326 0.0 0.0 0.09999999999999999 0.0 0.0 0.0 -0.3333333333333333 2.0 
0.0 0.0 0.0 0.0 0.20000000000000007 0.0 0.0 0.9999999999999999 0.0 1.0 0.0 -0.8 18.0 
0.0 0.0 0.0 0.0 0.4000000000000001 0.0 0.0 0.39999999999999997 0.0 0.0 1.0 -0.8 12.0 
0.0 0.0 0.0 0.0 -0.5 0.0 0.0 0.5 1.0 0.0 0.0 -1.0 0.0 
