10 26
z
x35
x26
x11
x42
x12
x22
x13
x34
x44
z
x11
x12
x13
x14
x15
x16
x21
x22
x23
x24
x25
x26
x31
x32
x33
x34
x35
x36
x41
x42
x43
x44
x45
x46
rhs
1.0 0.0 0.0 0.0 6.0 4.0 0.0 7.0 0.0 8.0 10.0 6.0 0.0 9.0 0.0 10.0 0.0 0.0 7.0 8.0 0.0 7.0 0.0 3.0 6.0 -898.0 
0.0 0.0 0.0 0.0 0.0 1.0 0.0 0.0 0.0 0.0 0.0 1.0 0.0 0.0 0.0 0.0 0.0 1.0 0.0 0.0 0.0 0.0 0.0 1.0 0.0 15.0 
0.0 0.0 0.0 0.0 0.0 0.0 1.0 0.0 0.0 0.0 0.0 0.0 1.0 0.0 0.0 0.0 0.0 0.0 1.0 0.0 0.0 0.0 0.0 0.0 1.0 16.0 
0.0 1.0 0.0 0.0 0.0 0.0 0.0 1.0 0.0 0.0 0.0 0.0 0.0 1.0 0.0 0.0 0.0 0.0 0.0 1.0 0.0 0.0 0.0 0.0 0.0 13.0 
0.0 0.0 0.0 0.0 -1.0 -1.0 0.0 0.0 0.0 0.0 -1.0 -1.0 0.0 1.0 1.0 1.0 0.0 0.0 1.0 1.0 1.0 1.0 0.0 0.0 1.0 9.0 
0.0 0.0 1.0 0.0 1.0 1.0 1.0 -1.0 0.0 -1.0 0.0 0.0 0.0 -1.0 0.0 -1.0 0.0 0.0 0.0 -1.0 0.0 -1.0 0.0 0.0 0.0 1.0 
0.0 0.0 0.0 0.0 0.0 0.0 -1.0 1.0 1.0 1.0 1.0 1.0 0.0 0.0 0.0 0.0 0.0 0.0 -1.0 0.0 0.0 0.0 0.0 0.0 -1.0 2.0 
0.0 0.0 0.0 1.0 0.0 0.0 0.0 0.0 0.0 1.0 0.0 0.0 0.0 0.0 0.0 1.0 0.0 0.0 0.0 0.0 0.0 1.0 0.0 0.0 0.0 10.0 
0.0 0.0 0.0 0.0 0.0 -1.0 0.0 0.0 0.0 0.0 0.0 -1.0 0.0 1.0 1.0 1.0 1.0 0.0 1.0 0.0 0.0 0.0 0.0 -1.0 0.0 7.0 
0.0 0.0 0.0 0.0 1.0 1.0 0.0 0.0 0.0 0.0 1.0 1.0 0.0 -1.0 -1.0 -1.0 0.0 0.0 -1.0 0.0 0.0 0.0 1.0 1.0 0.0 7.0 
