9 13
z
x2
s7
s1
x1
x3
s8
s4
s5
z
x1
x2
x3
s1
s2
s3
s4
s5
s6
s7
s8
rhs
1.0 0.0 0.0 0.0 0.0 0.3333333333333333 0.16666666666666663 0.0 0.0 0.0 0.0 0.0 23.5 
0.0 0.0 1.0 0.0 0.0 -0.013333333333333315 0.06666666666666665 0.0 0.0 0.07999999999999996 0.0 0.0 3.0 
0.0 0.0 0.0 0.0 0.0 0.47999999999999987 -0.4000000000000002 0.0 0.0 -0.8799999999999998 1.0 0.0 5.9999999999999964 
0.0 0.0 0.0 0.0 1.0 -0.7199999999999998 1.1 0.0 0.0 1.3199999999999996 0.0 0.0 16.500000000000007 
0.0 1.0 0.0 0.0 0.0 0.08000000000000002 -0.0666666666666667 0.0 0.0 0.01999999999999999 0.0 0.0 4.0 
0.0 0.0 0.0 1.0 0.0 0.09333333333333332 0.03333333333333334 0.0 0.0 -0.05999999999999997 0.0 0.0 4.5 
0.0 0.0 0.0 0.0 0.0 0.52 -0.10000000000000009 0.0 0.0 -0.12 0.0 1.0 13.500000000000002 
0.0 0.0 0.0 0.0 0.0 0.5600000000000002 -0.3000000000000002 1.0 0.0 0.6399999999999999 0.0 0.0 25.500000000000004 
0.0 0.0 0.0 0.0 0.0 -0.11999999999999997 0.6000000000000001 0.0 1.0 0.21999999999999995 0.0 0.0 9.000000000000004 
