10 18
z
x2
s2
s3
x1
s1
s6
s4
a4
x3
z
x1
x2
x3
s1
s2
s3
s4
s5
s6
s7
s8
s9
a1
a2
a3
a4
rhs
1.0 0.0 0.0 0.0 0.0 0.0 0.0 0.0 0.9999999999999999 0.0 0.625 1.0 3.7499999999999996 1.0 0.9999999999999998 1.1102230246251565E-16 0.0 -3.7499999999999996 
0.0 0.0 1.0 0.0 0.0 0.0 0.0 0.0 0.0 0.0 0.125 0.0 0.25 0.0 0.0 0.0 0.0 1.75 
0.0 0.0 0.0 0.0 0.0 1.0 0.0 0.0 -2.0 0.0 -1.6250000000000002 0.0 -8.250000000000002 0.0 0.0 2.0 0.0 38.25000000000001 
0.0 0.0 0.0 0.0 0.0 0.0 1.0 0.0 2.0 0.0 0.5000000000000004 0.0 8.881784197001252E-16 0.0 0.0 -2.0 0.0 20.999999999999996 
0.0 1.0 0.0 0.0 0.0 0.0 0.0 0.0 0.3333333333333333 0.0 0.20833333333333337 0.0 0.7500000000000001 0.0 0.0 -0.3333333333333333 0.0 2.25 
0.0 0.0 0.0 0.0 1.0 0.0 0.0 0.0 -1.0 0.0 1.25 0.0 4.440892098500626E-16 -1.0 0.0 1.0 0.0 15.000000000000004 
0.0 0.0 0.0 0.0 0.0 0.0 0.0 0.0 -2.0 1.0 -2.25 0.0 -4.500000000000001 0.0 0.0 2.0 0.0 4.500000000000002 
0.0 0.0 0.0 0.0 0.0 0.0 0.0 1.0 3.000000000000001 0.0 2.500000000000001 0.0 7.500000000000002 0.0 -1.0 -3.000000000000001 0.0 7.500000000000004 
0.0 0.0 0.0 0.0 0.0 0.0 0.0 0.0 -1.0 0.0 -0.6250000000000002 -1.0 -3.7500000000000004 0.0 0.0 1.0 1.0 3.749999999999999 
0.0 0.0 0.0 1.0 0.0 0.0 0.0 0.0 0.0 0.0 0.0 0.0 0.5 0.0 0.0 0.0 0.0 0.5 
