5 9
z
x2
x3
s4
s1
z
x1
x2
x3
s1
s2
s3
s4
rhs
1.0 8.006399337547545E15 0.0 0.0 0.0 1.3343998895912578E15 -1.3343998895912578E15 0.0 2.401919801264264E16 
0.0 1.000799917193443E15 1.0 0.0 0.0 1.6679998619890716E14 -1.667999861989071E14 0.0 3.00239975158033E15 
0.0 2.0015998343868865E15 0.0 1.0 0.0 3.3359997239781444E14 -3.335999723978145E14 0.0 6.004799503160659E15 
0.0 6.004799503160657E15 0.0 0.0 0.0 1.0007999171934434E15 -1.0007999171934436E15 1.0 1.8014398509481966E16 
0.0 9.00719925474099E15 0.0 0.0 1.0 1.5011998757901645E15 -1.5011998757901642E15 0.0 2.7021597764222964E16 
