8 17
z
x22
x24
x35
x13
x21
x23
x31
z
x11
x12
x13
x14
x15
x21
x22
x23
x24
x25
x31
x32
x33
x34
x35
rhs
1.0 3.0 7.0 11.0 4.0 2.0 5.0 9.0 4.0 2.0 8.0 6.0 1.0 9.0 4.0 7.0 0.0 
0.0 0.0 1.0 0.0 0.0 0.0 0.0 1.0 0.0 0.0 0.0 0.0 1.0 0.0 0.0 0.0 6.0 
0.0 0.0 0.0 0.0 1.0 0.0 0.0 0.0 0.0 1.0 0.0 0.0 0.0 0.0 1.0 0.0 7.0 
0.0 0.0 0.0 0.0 0.0 1.0 0.0 0.0 0.0 0.0 1.0 0.0 0.0 0.0 0.0 1.0 6.0 
0.0 1.0 1.0 1.0 1.0 1.0 0.0 0.0 0.0 0.0 0.0 0.0 0.0 0.0 0.0 0.0 10.0 
0.0 1.0 0.0 0.0 0.0 1.0 1.0 0.0 0.0 0.0 1.0 0.0 -1.0 -1.0 -1.0 0.0 2.0 
0.0 -1.0 -1.0 0.0 -1.0 -1.0 0.0 0.0 1.0 0.0 0.0 0.0 0.0 1.0 0.0 0.0 0.0 
0.0 0.0 0.0 0.0 0.0 -1.0 0.0 0.0 0.0 0.0 -1.0 1.0 1.0 1.0 1.0 0.0 6.0 